Strategy: A_STAR
Initial State:
	 3	 3	 2	
	 0	|0|	 0	
	 0	 1	 0	

n-	(X, Y)[N, W, E, S]

1-	(0, 1)[0, 0, 0, 0]
	 3	|3|	 2	
	 0	 0	 0	
	 0	 1	 0	

2-	(0, 0)[0, 0, 0, 2]
	|3|	 1	 2	
	 0	 2	 0	
	 0	 1	 0	

3-	(1, 0)[0, 0, 0, 2]
	 1	 1	 2	
	|2|	 2	 0	
	 0	 1	 0	

4-	(1, 1)[0, 0, 0, 1]
	 1	 1	 2	
	 1	|2|	 0	
	 1	 1	 0	

5-	(0, 1)[0, 0, 1, 0]
	 1	|1|	 2	
	 1	 1	 1	
	 1	 1	 0	

6-	(0, 2)[0, 0, 0, 0]
	 1	 1	|2|	
	 1	 1	 1	
	 1	 1	 0	

7-	(1, 2)[0, 0, 0, 1]
	 1	 1	 1	
	 1	 1	|2|	
	 1	 1	 0	

8-	(2, 2)[0, 0, 0, 1]
	 1	 1	 1	
	 1	 1	 1	
	 1	 1	|1|	

Cost: 16
Time: 27ms
Depth: 8
Spatial Complexity: 1401 nodes generated
Optimization: Yes
